$ 1 0.000005 10.20027730826997 50 5 43
150 368 224 480 224 0 2 0 5
I -96 112 16 112 0 0.5 5
152 880 432 992 432 0 2 0 5
150 368 320 480 320 0 2 5 5
150 512 272 624 272 0 2 0 5
w 480 224 496 224 0
w 496 256 496 224 0
w 512 256 496 256 0
w 512 288 480 288 0
w 480 320 480 288 0
w 480 544 480 512 0
w 512 512 480 512 0
w 512 480 496 480 0
w 496 480 496 448 0
w 480 448 496 448 0
150 512 496 624 496 0 2 0 5
150 368 544 480 544 0 2 0 5
150 368 448 480 448 0 2 5 5
150 368 656 480 656 0 2 5 5
150 368 752 480 752 0 2 0 5
150 512 704 624 704 0 2 0 5
w 480 656 496 656 0
w 496 688 496 656 0
w 512 688 496 688 0
w 512 720 480 720 0
w 480 752 480 720 0
L -256 112 -336 112 0 0 false 5 0
L -256 176 -336 176 0 0 false 5 0
L -256 240 -336 240 0 0 false 5 0
L -256 304 -336 304 0 0 false 5 0
x -306 104 -294 107 4 24 x
x -306 165 -294 168 4 24 y
x -309 297 -292 300 4 24 w
x -306 229 -294 232 4 24 z
I -96 176 16 176 0 0.5 5
I -96 240 16 240 0 0.5 5
I -96 304 16 304 0 0.5 5
w -256 112 -96 112 0
w -96 176 -256 176 0
w -96 240 -256 240 0
w -256 304 -96 304 0
207 16 112 96 112 4 xn
207 16 176 96 176 4 yn
207 16 240 96 240 4 zn
207 16 304 96 304 4 wn
207 -112 -16 -32 -16 4 x
207 -112 0 -32 0 4 y
207 -112 16 -32 16 4 z
207 -112 32 -32 32 4 w
w -112 -16 -240 -16 0
w -256 112 -256 -16 0
w -256 -16 -240 -16 0
w -112 0 -240 0 0
w -240 0 -240 128 0
w -240 128 -256 128 0
w -256 128 -256 176 0
w -112 16 -224 16 0
w -224 16 -224 192 0
w -224 192 -256 192 0
w -256 192 -256 240 0
w -112 32 -208 32 0
w -208 32 -208 256 0
w -208 256 -256 256 0
w -256 256 -256 304 0
207 368 208 272 208 4 x
207 368 240 272 240 4 yn
207 368 304 272 304 4 zn
207 368 336 272 336 4 wn
207 368 432 272 432 4 xn
207 368 464 272 464 4 L1
207 368 528 272 528 4 zn
207 368 560 272 560 4 w
207 368 640 272 640 4 xn
207 368 672 272 672 4 yn
207 368 736 272 736 4 z
207 368 768 272 768 4 wn
L -320 720 -384 720 0 0 false 5 0
L -320 768 -384 768 0 1 false 5 0
207 -320 720 -256 720 4 L0
207 -320 768 -256 768 4 L1
152 880 528 992 528 0 2 0 5
152 1040 480 1152 480 0 2 0 5
w 992 528 992 496 0
w 1040 496 992 496 0
w 1040 464 992 464 0
w 992 432 992 464 0
M 1152 480 1248 480 0 2.5
x 1161 472 1227 475 4 24 Salida
w 624 272 816 272 0
w 816 272 816 416 0
w 816 416 880 416 0
w 624 496 816 496 0
w 816 496 816 448 0
w 816 448 880 448 0
w 624 704 688 704 0
w 688 704 688 512 0
w 688 512 880 512 0
207 880 544 800 544 4 L0
x -590 174 -483 177 4 24 1\s\q\sx'y'z'w
x -590 206 -483 209 4 24 2\s\q\sx'y'zw'
x -589 241 -486 244 4 24 5\s\q\sx'yz'w
x -589 275 -482 278 4 24 8\s\q\sxy'z'w'
x -464 695 -155 698 4 24 No\scambiar\sestas\sconstantes
